12 45 67 89 34 56 78 90 11 23 35 47 59 21 33 44 66 77
13 46 68 80 35 57 79 91 12 24 36 48 60 22 34 45 67 78
14 47 69 81 36 58 70 92 13 25 37 49 61 23 35 46 68 79
15 48 60 82 37 59 71 93 14 26 38 40 62 24 36 47 69 80
16 49 61 83 38 50 72 94 15 27 39 41 63 25 37 48 60 81
17 50 62 84 39 51 73 95 16 28 30 42 64 26 38 49 61 82
18 51 63 85 40 52 74 96 17 29 31 43 65 27 39 40 62 83
19 52 64 86 41 53 75 97 18 20 32 44 66 28 30 41 63 84
20 53 65 87 42 54 76 98 19 21 33 45 67 29 31 42 64 85
21 54 66 88 43 55 77 99 20 22 34 46 68 30 32 43 65 86
22 55 67 89 44 56 78 90 21 23 35 47 69 31 33 44 66 87
23 56 68 80 45 57 79 91 22 24 36 48 70 32 34 45 67 88
24 57 69 81 46 58 70 92 23 25 37 49 71 33 35 46 68 89
25 58 60 82 47 59 71 93 24 26 38 40 72 34 36 47 69 90
26 59 61 83 48 50 72 94 25 27 39 41 73 35 37 48 60 91
27 60 62 84 49 51 73 95 26 28 30 42 74 36 38 49 61 92
28 61 63 85 50 52 74 96 27 29 31 43 75 37 39 40 62 93
29 62 64 86 51 53 75 97 28 20 32 44 76 38 30 41 63 94
