200 10 200 10 201 11 201 11 202 12 202 12 203 13 203 13
204 14 204 14 205 15 205 15 206 16 206 16 207 17 207 17
208 18 208 18 209 19 209 19 210 20 210 20 211 21 211 21
212 22 212 22 213 23 213 23 214 24 214 24 215 25 215 25
200 10 200 10 201 11 201 11 202 12 202 12 203 13 203 13
204 14 204 14 205 15 205 15 206 16 206 16 207 17 207 17
208 18 208 18 209 19 209 19 210 20 210 20 211 21 211 21
212 22 212 22 213 23 213 23 214 24 214 24 215 25 215 25
200 10 200 10 201 11 201 11 202 12 202 12 203 13 203 13
204 14 204 14 205 15 205 15 206 16 206 16 207 17 207 17
208 18 208 18 209 19 209 19 210 20 210 20 211 21 211 21
212 22 212 22 213 23 213 23 214 24 214 24 215 25 215 25
200 10 200 10 201 11 201 11 202 12 202 12 203 13 203 13
204 14 204 14 205 15 205 15 206 16 206 16 207 17 207 17
208 18 208 18 209 19 209 19 210 20 210 20 211 21 211 21
212 22 212 22 213 23 213 23 214 24 214 24 215 25 215 25
